25,41
25,40
25,39
25,38
25,37
25,36
25,35
0,527
0,526
31,11
31,10
31,9
31,8
31,7
31,6
31,5
0,525
81,3
81,2
0,524
81,1
81,0
80,3
80,2
80,1
80,0
79,3
79,2
79,1
79,0
78,5
0,523
78,4
78,3
78,2
78,1
78,0
77,3
77,2
77,1
77,0
76,4
76,3
76,2
76,1
76,0
75,3
75,2
75,1
75,0
74,6
74,5
74,4
74,3
74,2
74,1
74,0
73,5
73,4
73,3
73,2
73,1
73,0
72,4
0,522
0,521
0,520
72,3
72,2
72,1
72,0
0,519
0,518
71,3
71,2
0,517
71,1
71,0
0,516
0,515
0,514
14,5
14,4
0,513
70,6
70,5
70,4
70,3
70,2
70,1
70,0
0,512
69,5
69,4
69,3
69,2
69,1
69,0
68,4
68,3
68,2
68,1
68,0
67,3
67,2
67,1
67,0
66,4
66,3
66,2
66,1
66,0
65,3
65,2
65,1
65,0
64,3
64,2
64,1
64,0
63,5
63,4
0,511
63,3
63,2
63,1
63,0
0,510
62,3
62,2
0,509
62,1
62,0
0,508
0,507
0,506
0,505
0,504
0,503
61,4
61,3
61,2
0,502
61,1
61,0
60,3
60,2
60,1
60,0
59,3
59,2
59,1
59,0
0,501
0,500
0,499
0,498
0,497
0,496
0,495
0,494
58,5
58,4
58,3
58,2
58,1
58,0
0,493
57,4
0,492
0,491
0,490
0,489
57,3
57,2
57,1
57,0
56,3
56,2
56,1
56,0
55,5
55,4
